Latitude: 13.839545165806708, Longitude: 100.02612232814278
Latitude: 13.839596308809059, Longitude: 100.0261185396436
